$ANSIBLE_VAULT;1.1;AES256
30656261333732373563326333396430373936333239323235666331653831366365353665623031
3232393032353930646439623833396161616230313564630a373438343164343033336531636332
39316337336235646666363565643539333033346636373932303261653335626231613437343031
6133613839346335660a376231366637356331326630363463386562383838326439333435643262
34613166643737363637316334306434303365613335353665653739316265393163336333393030
31333763356565626334396436643338363532396662613734353538306336623430336233393837
36653336343237646638656137313566626638626466313166666663343232333536326166653332
32336235316364636665356662633737663335326233363365393663643937386339353330663564
30356637666530616162653061313732653661346530663338303836653436376132386534313361
39376338393462336464396137386166343262383134613830306465313864303536643265383233
30643337373333613861623533666531613631323136383662343934653265366339356138623161
39316638373138663638366632303637623530653239313238323666316264623565333765306332
62396134623136623230323361376335666664643135636266346564336266363563353833643865
65343338303031623333356536316163376563306466646138333030353530653532626137383763
64653536343563333863363362303266663930343161393233353863616630656664363930623237
34636138396637316131646464313534666664303862616331653232653137373461643731363138
39363137333862363531306637643837363032346330353231386661343935613731333165626539
36306662373063376563356633653163623235373766343134303936323939303937303236373761
36343463366434616333633439356430363364613433393462633839336536383063616430646662
61653863656462646465383933363836393362303730656261316639353866323134353433653235
64646335316435313938316130626638386334326339353233323065653639636139303037323632
31303966353430343963396439356464326130663566646530303863366131396561623866656130
65313333353935353734363266636265363462616239613232373134353265623837356236313431
34393234633664613737646531353766656364653736393036326661393962616638333437336534
61643064653735353763353764386365616136386430343030386666353532373664316637396539
61613063333037383633353638626432623466333063353164306131656437653830323836333938
666463383437306636383435616164356138
